At time 1728642709.182779121
- Translation: [0.000, 0.000, 0.000]
- Rotation: in Quaternion [0.000, 0.000, 0.117, 0.993]
- Rotation: in RPY (radian) [0.000, -0.000, 0.235]
- Rotation: in RPY (degree) [0.000, -0.000, 13.475]
- Matrix:
  0.972 -0.233  0.000  0.000
  0.233  0.972  0.000  0.000
  0.000  0.000  1.000  0.000
  0.000  0.000  0.000  1.000
At time 1728642710.175796025
- Translation: [0.000, 0.000, 0.000]
- Rotation: in Quaternion [0.000, 0.000, 0.117, 0.993]
- Rotation: in RPY (radian) [0.000, -0.000, 0.235]
- Rotation: in RPY (degree) [0.000, -0.000, 13.475]
- Matrix:
  0.972 -0.233  0.000  0.000
  0.233  0.972  0.000  0.000
  0.000  0.000  1.000  0.000
  0.000  0.000  0.000  1.000
At time 1728642711.182762528
- Translation: [0.000, 0.000, 0.000]
- Rotation: in Quaternion [0.000, 0.000, 0.117, 0.993]
- Rotation: in RPY (radian) [0.000, -0.000, 0.235]
- Rotation: in RPY (degree) [0.000, -0.000, 13.475]
- Matrix:
  0.972 -0.233  0.000  0.000
  0.233  0.972  0.000  0.000
  0.000  0.000  1.000  0.000
  0.000  0.000  0.000  1.000
At time 1728642712.175325447
- Translation: [0.000, 0.000, 0.000]
- Rotation: in Quaternion [0.000, 0.000, 0.117, 0.993]
- Rotation: in RPY (radian) [0.000, -0.000, 0.235]
- Rotation: in RPY (degree) [0.000, -0.000, 13.475]
- Matrix:
  0.972 -0.233  0.000  0.000
  0.233  0.972  0.000  0.000
  0.000  0.000  1.000  0.000
  0.000  0.000  0.000  1.000
At time 1728642713.167351760
- Translation: [0.000, 0.000, 0.000]
- Rotation: in Quaternion [0.000, 0.000, 0.117, 0.993]
- Rotation: in RPY (radian) [0.000, -0.000, 0.235]
- Rotation: in RPY (degree) [0.000, -0.000, 13.475]
- Matrix:
  0.972 -0.233  0.000  0.000
  0.233  0.972  0.000  0.000
  0.000  0.000  1.000  0.000
  0.000  0.000  0.000  1.000
At time 1728642714.176125763
- Translation: [0.000, 0.000, 0.000]
- Rotation: in Quaternion [0.000, 0.000, 0.117, 0.993]
- Rotation: in RPY (radian) [0.000, -0.000, 0.235]
- Rotation: in RPY (degree) [0.000, -0.000, 13.475]
- Matrix:
  0.972 -0.233  0.000  0.000
  0.233  0.972  0.000  0.000
  0.000  0.000  1.000  0.000
  0.000  0.000  0.000  1.000
At time 1728642715.183025286
- Translation: [0.000, 0.000, 0.000]
- Rotation: in Quaternion [0.000, 0.000, 0.117, 0.993]
- Rotation: in RPY (radian) [0.000, -0.000, 0.235]
- Rotation: in RPY (degree) [0.000, -0.000, 13.475]
- Matrix:
  0.972 -0.233  0.000  0.000
  0.233  0.972  0.000  0.000
  0.000  0.000  1.000  0.000
  0.000  0.000  0.000  1.000
At time 1728642716.175336705
- Translation: [0.000, 0.000, 0.000]
- Rotation: in Quaternion [0.000, 0.000, 0.117, 0.993]
- Rotation: in RPY (radian) [0.000, -0.000, 0.235]
- Rotation: in RPY (degree) [0.000, -0.000, 13.475]
- Matrix:
  0.972 -0.233  0.000  0.000
  0.233  0.972  0.000  0.000
  0.000  0.000  1.000  0.000
  0.000  0.000  0.000  1.000
At time 1728642717.182591818
- Translation: [0.000, 0.000, 0.000]
- Rotation: in Quaternion [0.000, 0.000, 0.117, 0.993]
- Rotation: in RPY (radian) [0.000, -0.000, 0.235]
- Rotation: in RPY (degree) [0.000, -0.000, 13.475]
- Matrix:
  0.972 -0.233  0.000  0.000
  0.233  0.972  0.000  0.000
  0.000  0.000  1.000  0.000
  0.000  0.000  0.000  1.000
At time 1728642718.175443028
- Translation: [0.000, 0.000, 0.000]
- Rotation: in Quaternion [0.000, 0.000, 0.117, 0.993]
- Rotation: in RPY (radian) [0.000, -0.000, 0.235]
- Rotation: in RPY (degree) [0.000, -0.000, 13.475]
- Matrix:
  0.972 -0.233  0.000  0.000
  0.233  0.972  0.000  0.000
  0.000  0.000  1.000  0.000
  0.000  0.000  0.000  1.000
At time 1728642719.183140824
- Translation: [0.000, 0.000, 0.000]
- Rotation: in Quaternion [0.000, 0.000, 0.117, 0.993]
- Rotation: in RPY (radian) [0.000, -0.000, 0.235]
- Rotation: in RPY (degree) [0.000, -0.000, 13.475]
- Matrix:
  0.972 -0.233  0.000  0.000
  0.233  0.972  0.000  0.000
  0.000  0.000  1.000  0.000
  0.000  0.000  0.000  1.000
At time 1728642720.175687743
- Translation: [0.000, 0.000, 0.000]
- Rotation: in Quaternion [0.000, 0.000, 0.117, 0.993]
- Rotation: in RPY (radian) [0.000, -0.000, 0.235]
- Rotation: in RPY (degree) [0.000, -0.000, 13.475]
- Matrix:
  0.972 -0.233  0.000  0.000
  0.233  0.972  0.000  0.000
  0.000  0.000  1.000  0.000
  0.000  0.000  0.000  1.000
At time 1728642721.183299622
- Translation: [0.000, 0.000, 0.000]
- Rotation: in Quaternion [0.000, 0.000, 0.117, 0.993]
- Rotation: in RPY (radian) [0.000, -0.000, 0.235]
- Rotation: in RPY (degree) [0.000, -0.000, 13.475]
- Matrix:
  0.972 -0.233  0.000  0.000
  0.233  0.972  0.000  0.000
  0.000  0.000  1.000  0.000
  0.000  0.000  0.000  1.000
At time 1728642722.176001641
- Translation: [0.000, 0.000, 0.000]
- Rotation: in Quaternion [0.000, 0.000, 0.117, 0.993]
- Rotation: in RPY (radian) [0.000, -0.000, 0.235]
- Rotation: in RPY (degree) [0.000, -0.000, 13.475]
- Matrix:
  0.972 -0.233  0.000  0.000
  0.233  0.972  0.000  0.000
  0.000  0.000  1.000  0.000
  0.000  0.000  0.000  1.000
At time 1728642723.183039251
- Translation: [0.000, 0.000, 0.000]
- Rotation: in Quaternion [0.000, 0.000, 0.117, 0.993]
- Rotation: in RPY (radian) [0.000, -0.000, 0.235]
- Rotation: in RPY (degree) [0.000, -0.000, 13.475]
- Matrix:
  0.972 -0.233  0.000  0.000
  0.233  0.972  0.000  0.000
  0.000  0.000  1.000  0.000
  0.000  0.000  0.000  1.000
At time 1728642724.175136063
- Translation: [0.000, 0.000, 0.000]
- Rotation: in Quaternion [0.000, 0.000, -0.090, 0.996]
- Rotation: in RPY (radian) [0.000, 0.000, -0.181]
- Rotation: in RPY (degree) [0.000, 0.000, -10.360]
- Matrix:
  0.984  0.180  0.000  0.000
 -0.180  0.984 -0.000  0.000
 -0.000  0.000  1.000  0.000
  0.000  0.000  0.000  1.000
At time 1728642725.183081795
- Translation: [1.351, -0.796, 0.000]
- Rotation: in Quaternion [0.000, 0.000, -0.217, 0.976]
- Rotation: in RPY (radian) [0.000, 0.000, -0.437]
- Rotation: in RPY (degree) [0.000, 0.000, -25.028]
- Matrix:
  0.906  0.423  0.000  1.351
 -0.423  0.906 -0.000 -0.796
 -0.000  0.000  1.000  0.000
  0.000  0.000  0.000  1.000
At time 1728642726.175216110
- Translation: [1.671, 0.637, 0.000]
- Rotation: in Quaternion [0.000, 0.000, 0.416, 0.909]
- Rotation: in RPY (radian) [0.000, -0.000, 0.858]
- Rotation: in RPY (degree) [0.000, -0.000, 49.136]
- Matrix:
  0.654 -0.756  0.000  1.671
  0.756  0.654  0.000  0.637
  0.000  0.000  1.000  0.000
  0.000  0.000  0.000  1.000
At time 1728642727.167939151
- Translation: [1.606, 1.461, 0.000]
- Rotation: in Quaternion [0.000, 0.000, 0.520, 0.854]
- Rotation: in RPY (radian) [0.000, -0.000, 1.093]
- Rotation: in RPY (degree) [0.000, -0.000, 62.607]
- Matrix:
  0.460 -0.888  0.000  1.606
  0.888  0.460  0.000  1.461
  0.000  0.000  1.000  0.000
  0.000  0.000  0.000  1.000
At time 1728642728.175018068
- Translation: [1.714, 0.628, 0.000]
- Rotation: in Quaternion [0.000, 0.000, 0.181, 0.983]
- Rotation: in RPY (radian) [0.000, -0.000, 0.364]
- Rotation: in RPY (degree) [0.000, -0.000, 20.862]
- Matrix:
  0.934 -0.356  0.000  1.714
  0.356  0.934  0.000  0.628
  0.000  0.000  1.000  0.000
  0.000  0.000  0.000  1.000
At time 1728642729.183158476
- Translation: [0.942, 0.151, 0.000]
- Rotation: in Quaternion [0.000, 0.000, 0.009, 1.000]
- Rotation: in RPY (radian) [0.000, -0.000, 0.019]
- Rotation: in RPY (degree) [0.000, -0.000, 1.079]
- Matrix:
  1.000 -0.019  0.000  0.942
  0.019  1.000  0.000  0.151
  0.000  0.000  1.000  0.000
  0.000  0.000  0.000  1.000
At time 1728642730.175087507
- Translation: [0.477, 0.036, 0.000]
- Rotation: in Quaternion [0.000, 0.000, -0.070, 0.998]
- Rotation: in RPY (radian) [0.000, 0.000, -0.141]
- Rotation: in RPY (degree) [0.000, 0.000, -8.071]
- Matrix:
  0.990  0.140  0.000  0.477
 -0.140  0.990 -0.000  0.036
 -0.000  0.000  1.000  0.000
  0.000  0.000  0.000  1.000
At time 1728642731.168155281
- Translation: [0.241, 0.009, 0.000]
- Rotation: in Quaternion [0.000, 0.000, -0.108, 0.994]
- Rotation: in RPY (radian) [0.000, 0.000, -0.216]
- Rotation: in RPY (degree) [0.000, 0.000, -12.401]
- Matrix:
  0.977  0.215  0.000  0.241
 -0.215  0.977 -0.000  0.009
 -0.000  0.000  1.000  0.000
  0.000  0.000  0.000  1.000
